0000000000000000000000000000000000000000000000000000000000000000000
0000000000000000000000000000000000000000000000000000000000000000000
0000000000000000000000000000000000000000000000000000000000000000000
0000000000000000000000000000000000000000000000000000000000000000000
0000000000000000000000000000000000000000000000000000000000000000000
0000002000000000000000000000000000000000000000000000000000000000000
0000002000000000000000000000000000000000000000000000000000000000000
0000002000000000000000000000000000000000000000000000000000000000000
0000000000000000200000000000002000000000000000000000000000000000000
0000000000000000200000000000002000000222000000000000000000000000000
2222222220000000222222222222222000000002000000002222222220000000000
0000000000000000000000000000000000000002000000000000000000000000000
0000000000000000000000000000000000000002000000000000000000000000000
0000000000000000000000000000000000000002000000000000000000000000000
0000000000000000000000000000000000000000000000000000000000000000000
0000000000000000000000000000000000000000000000000000000000000000000